Pop_1_BaseInd_12 114 114 112 112 117 121 107 101 114 112 105 106 104 108 108 109 117 103 108 107 104 109 104 109 114 114 109 109 111 110
Pop_1_BaseInd_18 115 105 112 112 109 120 104 105 113 110 110 107 106 104 110 102 107 103 106 107 102 103 105 105 115 115 108 108 111 112
Pop_1_BaseInd_19 114 108 112 112 117 116 106 108 110 113 108 107 104 108 110 107 107 107 110 108 103 103 109 108 115 117 109 107 111 112
Pop_1_BaseInd_28 114 109 112 110 120 120 104 108 109 104 107 108 102 104 108 109 108 103 102 104 109 102 109 107 114 113 114 106 110 111
Pop_1_BaseInd_47 114 115 111 112 116 110 105 103 112 111 108 107 105 109 108 111 103 104 106 108 102 102 105 110 114 115 106 109 101 112
Pop_1_BaseInd_62 114 113 116 110 117 116 106 106 114 111 108 113 109 108 107 102 116 113 109 109 104 103 109 109 114 117 109 107 109 112
Pop_1_BaseInd_96 109 115 116 112 120 120 101 106 114 114 108 110 110 110 107 110 116 103 109 105 104 110 105 104 116 114 106 107 111 112
Pop_1_BaseInd_97 107 111 116 112 120 117 104 107 111 112 104 104 102 105 101 109 113 103 107 108 104 109 105 105 112 114 109 107 110 101
Pop_1_BaseInd_102 107 105 116 112 115 120 104 104 108 112 105 106 108 109 110 111 116 107 106 107 105 109 108 109 117 117 107 107 110 111
Pop_1_BaseInd_109 113 107 111 112 121 120 104 108 108 111 107 113 104 104 102 102 103 105 105 106 105 104 112 105 115 113 109 106 110 111
Pop_1_BaseInd_137 113 109 112 110 120 123 102 107 113 109 108 108 109 113 109 111 103 104 108 106 109 105 109 111 112 113 109 107 111 110
Pop_1_BaseInd_174 111 112 112 111 120 119 105 103 111 111 113 108 109 102 101 108 116 117 107 102 101 102 104 108 115 116 107 109 111 109
Pop_1_BaseInd_179 112 105 111 112 121 120 104 105 114 103 106 106 102 112 109 110 103 107 109 107 109 104 112 113 117 113 109 109 111 110
Pop_1_BaseInd_194 107 105 111 115 120 117 111 104 107 107 107 107 110 110 110 110 104 103 106 107 105 110 105 105 116 115 109 109 110 110
Pop_1_BaseInd_229 115 109 112 111 120 119 101 104 112 108 107 108 104 102 110 108 102 100 107 106 102 103 108 104 114 114 110 109 101 111
Pop_1_BaseInd_255 113 112 112 113 120 116 108 108 112 103 104 108 106 101 109 109 108 103 108 105 109 103 105 109 115 117 109 107 111 112
Pop_1_BaseInd_279 112 109 112 113 116 119 104 106 112 113 113 110 110 109 110 111 108 113 104 104 101 104 104 105 113 112 106 109 110 110
Pop_1_BaseInd_303 113 107 111 116 117 120 101 106 111 111 112 110 102 106 110 109 116 103 107 111 102 103 105 105 117 113 107 107 112 112
Pop_1_BaseInd_312 107 114 109 112 120 120 105 104 113 109 110 108 102 108 111 110 100 103 107 104 104 104 105 108 116 114 106 108 111 112
Pop_1_BaseInd_318 107 113 112 112 120 116 102 106 109 112 107 103 110 107 111 101 103 101 106 108 105 102 105 104 113 113 106 106 101 111
Pop_1_BaseInd_328 112 114 115 116 117 120 104 110 107 104 114 113 102 113 110 110 113 103 102 106 109 102 107 109 116 117 107 109 110 112
Pop_1_BaseInd_330 108 113 116 113 117 116 104 106 114 105 106 107 112 108 110 110 103 113 107 105 110 109 108 105 117 113 109 110 112 112
Pop_1_BaseInd_331 114 115 112 113 119 116 106 110 107 111 109 107 108 103 107 109 101 104 107 107 101 103 110 109 112 115 109 104 111 110
Pop_1_BaseInd_335 108 112 113 112 109 109 105 103 109 108 107 113 110 113 107 109 117 103 102 106 103 103 109 108 113 114 107 107 112 112
Pop_1_BaseInd_392 113 108 111 116 109 120 106 111 107 111 110 107 105 102 109 109 107 103 107 107 102 103 112 112 113 117 109 110 110 110
Pop_1_BaseInd_401 107 115 111 112 117 117 104 106 113 110 104 105 105 113 109 109 101 103 106 107 102 106 112 109 113 116 104 109 101 110
Pop_1_BaseInd_410 105 112 112 113 117 119 104 104 109 112 106 105 111 104 108 107 103 102 107 102 109 106 108 112 115 117 109 107 111 110
Pop_1_BaseInd_475 115 111 111 112 115 116 101 104 111 111 110 110 109 109 101 101 103 107 105 109 103 109 108 109 114 117 106 109 101 111
Pop_1_BaseInd_493 105 111 112 112 117 115 102 104 109 112 105 113 109 104 109 110 105 107 111 106 109 101 104 105 114 116 109 106 112 110
Pop_2_BaseInd_39 107 111 110 110 115 120 105 104 112 105 113 114 111 102 110 114 103 101 107 104 103 105 105 108 108 113 107 107 110 110
Pop_2_BaseInd_43 114 107 111 116 120 117 106 107 112 107 102 107 105 105 109 110 112 102 106 109 104 103 105 105 114 112 109 106 101 110
Pop_2_BaseInd_63 107 113 112 116 120 116 103 106 107 112 106 103 111 104 110 101 116 104 111 107 105 102 105 105 115 117 106 107 111 110
Pop_2_BaseInd_80 107 113 112 113 116 117 110 111 107 111 103 108 105 109 110 101 102 115 109 106 105 105 108 104 113 115 109 107 111 111
Pop_2_BaseInd_90 107 113 113 110 115 116 106 105 109 105 113 110 102 107 101 109 116 103 109 104 103 102 104 104 114 116 106 106 111 111
Pop_2_BaseInd_133 107 107 111 111 117 121 105 107 107 110 113 110 104 109 110 101 116 104 104 105 109 105 108 105 113 113 108 107 110 110
Pop_2_BaseInd_147 113 113 116 112 115 117 107 107 107 111 113 105 111 106 109 101 115 115 106 104 105 102 105 104 113 115 107 109 110 110
Pop_2_BaseInd_152 113 107 111 116 121 115 106 106 109 107 114 105 104 111 110 109 117 112 104 109 104 104 104 105 113 113 106 109 111 110
Pop_2_BaseInd_199 107 107 113 112 121 115 106 106 111 109 107 110 112 102 108 108 103 117 106 106 101 109 111 105 112 112 109 104 110 110
Pop_2_BaseInd_213 114 107 117 113 117 120 103 101 107 105 109 104 103 111 110 107 103 103 104 105 105 105 111 105 115 113 106 109 110 110
Pop_2_BaseInd_230 113 107 112 112 115 117 101 107 103 107 107 107 106 109 104 101 117 103 109 105 105 105 108 108 117 113 109 104 111 110
Pop_2_BaseInd_248 114 114 116 115 117 115 101 105 112 105 109 109 108 109 107 101 107 107 114 104 103 104 112 104 115 115 109 107 110 112
Pop_2_BaseInd_270 109 114 116 116 117 117 103 111 109 105 104 113 105 106 107 111 117 104 106 106 101 105 111 108 116 113 109 104 110 110
Pop_2_BaseInd_289 108 111 113 111 120 112 101 101 103 114 105 105 105 111 107 109 115 103 109 104 102 103 107 108 117 113 106 106 111 110
Pop_2_BaseInd_290 111 107 116 113 116 115 103 107 109 110 105 106 101 109 101 107 102 102 111 107 102 104 105 108 117 108 109 108 110 110
Pop_2_BaseInd_328 111 107 110 116 120 117 107 107 110 111 110 107 109 103 101 110 115 117 107 104 101 103 105 112 113 115 109 109 110 110
Pop_2_BaseInd_379 112 115 112 100 120 115 104 101 107 103 107 103 107 109 109 101 102 118 107 105 109 102 111 104 117 115 106 107 110 111
Pop_2_BaseInd_392 112 107 116 111 120 115 107 106 112 109 107 110 105 105 108 110 104 104 104 106 105 102 107 107 112 116 107 109 110 101
Pop_2_BaseInd_408 107 112 113 116 115 117 104 105 109 109 105 113 111 102 108 109 103 103 104 106 105 106 105 107 117 115 107 106 110 110
Pop_2_BaseInd_443 112 107 115 113 115 117 101 102 111 112 105 110 105 101 111 110 104 117 104 109 103 105 111 105 117 114 107 109 111 112
Pop_2_BaseInd_456 113 107 117 111 116 112 106 105 112 112 113 104 105 111 104 107 102 103 107 108 104 104 113 112 113 113 109 107 110 110
